1 5 1.2
2 5 1.3
3 5 1.45
4 5 1.75
5 5 2.15
6 5 2.4
7 5 2.7
-7 4 2.8
-6 4 2.6
-5 4 2.4
-4 4 2.05
-3 4 1.4
-2 4 1.25
-1 4 1.15
0 4 1.1
1 4 1.25
2 4 1.5
3 4 1.85
4 4 2.2
5 4 2.4
6 4 2.7
7 4 2.75
-7 3 2.8
-6 3 2.5
-5 3 2.35
-4 3 2
-3 3 1.7
-2 3 1.3
-1 3 1.05
0 3 1
1 3 1.1
2 3 1.3
3 3 1.5
4 3 2
5 3 2.3
6 3 2.4
7 3 2.65
-7 2 2.6
-6 2 2.55
-5 2 2.5
-4 2 2.25
-3 2 2
-2 2 1.1
-1 2 1.1
0 2 0.95
1 2 1.05
2 2 1.35
3 2 2
4 2 2.1
5 2 2.35
6 2 2.55
7 2 2.65
-7 1 2.75
-6 1 2.7
-5 1 2.45
-4 1 2.3
-3 1 2.05
-2 1 1.25
-1 1 1.1
0 1 0.95
1 1 0.95
2 1 1.15
3 1 1.95
4 1 2.15
5 1 2.35
6 1 2.55
7 1 2.7
-7 0 2.8
-6 0 2.75
-5 0 2.4
-4 0 2.35
-3 0 2.15
-2 0 2.15
-1 0 1.1
0 0 0.9
1 0 0.85
2 0 1.95
3 0 2.1
4 0 2.2
5 0 2.4
6 0 2.55
7 0 2.6
-7 9 2.75
-6 9 2.25
-5 9 1.85
-4 9 1.65
-3 9 1.55
-2 9 1.5
-1 9 1.45
0 9 1.4
1 9 1.45
2 9 1.5
3 9 1.5
4 9 1.65
5 9 1.8
6 9 2
7 9 2.6
