6 4 1.4
7 4 2.15
-7 3 1.35
-6 3 1.15
-5 3 1.15
-4 3 1.05
-3 3 0.9
-2 3 0.9
-1 3 0.85
0 3 0.8
1 3 0.85
2 3 0.85
3 3 1.05
4 3 1
5 3 1.2
6 3 1.1
7 3 2.15
-7 2 1.2
-6 2 2.1
-5 2 1.1
-4 2 0.9
-3 2 1
-2 2 0.95
-1 2 0.75
0 2 0.7
1 2 0.75
2 2 0.7
3 2 1
4 2 1.05
5 2 1.05
6 2 1.95
7 2 2.05
-7 1 2.3
-6 1 1.95
-5 1 1.05
-4 1 1.1
-3 1 0.85
-2 1 0.9
-1 1 0.7
0 1 0.7
1 1 0.65
2 1 0.9
3 1 1
4 1 1
5 1 1.3
6 1 2
7 1 2.15
-7 0 2.2
-6 0 2.15
-5 0 1.95
-4 0 1.95
-3 0 0.95
-2 0 1.05
-1 0 0.55
0 0 0.55
1 0 0.55
2 0 0.75
3 0 0.95
4 0 1.05
5 0 1.9
6 0 2
7 0 2.1
