1 5 1.05
2 5 1.15
3 5 1.25
4 5 1.55
5 5 1.85
6 5 2
7 5 2.2
-7 4 2.45
-6 4 2.35
-5 4 2.15
-4 4 1.85
-3 4 1.35
-2 4 1.1
-1 4 1
0 4 0.95
1 4 1.05
2 4 1.1
3 4 1.45
4 4 1.8
5 4 1.8
6 4 2.15
7 4 2.4
-7 3 2.4
-6 3 2.15
-5 3 2
-4 3 1.8
-3 3 1.7
-2 3 1.4
-1 3 1.05
0 3 0.95
1 3 0.95
2 3 1.1
3 3 1.55
4 3 1.75
5 3 1.9
6 3 2.15
7 3 2.25
-7 2 2.5
-6 2 2.15
-5 2 1.95
-4 2 1.9
-3 2 1.65
-2 2 1.55
-1 2 1.5
0 2 2
1 2 1.3
2 2 1.9
3 2 1.7
4 2 1.8
5 2 1.95
6 2 2.05
7 2 2.4
-7 1 2.4
-6 1 2.2
-5 1 2.15
-4 1 1.95
-3 1 1.75
-2 1 1.65
-1 1 2.1
0 1 2.15
1 1 1.65
2 1 1.7
3 1 1.7
4 1 2
5 1 1.9
6 1 2.15
7 1 2.35
-7 0 2.6
-6 0 2.35
-5 0 2.15
-4 0 1.95
-3 0 1.95
-2 0 1.8
-1 0 2.3
0 0 1.8
1 0 2.15
2 0 1.65
3 0 1.8
4 0 1.95
5 0 2.1
6 0 2.15
7 0 2.55
