-7 9 2.4
-6 9 4.7
-5 9 1.8
-4 9 3.6
-3 9 1.3
-2 9 1.25
-1 9 1.2
0 9 1.15
1 9 1.15
2 9 1.2
3 9 1.35
4 9 1.4
5 9 1.55
6 9 2
7 9 2.4
-7 8 2.55
-6 8 1.95
-5 8 1.65
-4 8 1.45
-3 8 1.3
-2 8 1.2
-1 8 1.15
0 8 1.15
1 8 1.15
2 8 1.15
3 8 1.2
4 8 1.45
5 8 1.65
6 8 1.95
7 8 2.35
-7 7 2.4
-6 7 2.15
-5 7 1.75
-4 7 1.4
-3 7 1.3
-2 7 1.15
-1 7 3
0 7 1.15
1 7 1.1
2 7 1.15
3 7 1.25
4 7 1.35
5 7 1.75
6 7 1.9
7 7 2.3
-7 6 2.35
-6 6 2.2
-5 6 4.45
-4 6 1.5
-3 6 1.25
-2 6 1.15
-1 6 1.1
0 6 1
1 6 1.05
2 6 1.1
3 6 1.3
4 6 1.4
5 6 1.8
6 6 1.9
7 6 2.3
-7 5 2.3
-6 5 2.1
-5 5 1.9
-4 5 1.6
-3 5 1.25
-2 5 1.1
-1 5 1.05
0 5 1
